Overall Happiness Rank,Overall Happiness Score,GDP Per Capita,Life Expectancy
1,7.769,1.34,0.986
2,7.6,1.383,0.996
3,7.553999999999999,1.4880000000000002,1.028
4,7.494,1.38,1.026
5,7.4879999999999995,1.396,0.9990000000000001
6,7.48,1.452,1.052
7,7.343,1.3869999999999998,1.0090000000000001
8,7.307,1.3030000000000002,1.026
9,7.278,1.365,1.0390000000000001
10,7.246,1.376,1.016
11,7.228,1.3719999999999999,1.036
12,7.167000000000001,1.034,0.963
13,7.138999999999999,1.276,1.0290000000000001
14,7.09,1.609,1.012
15,7.053999999999999,1.3330000000000002,0.996
16,7.021,1.499,0.9990000000000001
17,6.985,1.3730000000000002,0.987
18,6.922999999999999,1.3559999999999999,0.986
19,6.892,1.433,0.8740000000000001
20,6.852,1.2690000000000001,0.92
21,6.825,1.5030000000000001,0.825
22,6.726,1.3,0.9990000000000001
23,6.595,1.07,0.861
24,6.5920000000000005,1.324,1.045
25,6.446000000000001,1.368,0.914
26,6.444,1.159,0.92
27,6.436,0.8,0.746
28,6.375,1.403,0.795
29,6.374,1.6840000000000002,0.871
30,6.354,1.286,1.062
31,6.321000000000001,1.149,0.91
32,6.3,1.004,0.802
33,6.292999999999999,1.124,0.8909999999999999
34,6.2620000000000005,1.5719999999999998,1.141
35,6.252999999999999,0.794,0.789
36,6.223,1.294,1.0390000000000001
37,6.199,1.3619999999999999,0.871
38,6.1979999999999995,1.246,0.8809999999999999
39,6.192,1.2309999999999999,0.713
40,6.182,1.206,0.884
41,6.1739999999999995,0.745,0.7559999999999999
42,6.149,1.238,0.818
43,6.125,0.985,0.841
44,6.117999999999999,1.258,0.953
45,6.105,0.6940000000000001,0.835
46,6.1,0.882,0.758
47,6.086,1.092,0.8809999999999999
48,6.07,1.162,0.825
49,6.046,1.263,1.042
50,6.028,0.912,0.868
51,6.021,1.5,0.8079999999999999
52,6.007999999999999,1.05,0.828
53,5.94,1.187,0.812
54,5.895,1.301,1.036
55,5.893,1.237,0.8740000000000001
56,5.89,0.831,0.831
57,5.888,1.12,0.7979999999999999
58,5.886,1.327,1.088
59,5.86,0.642,0.828
60,5.809,1.173,0.7290000000000001
61,5.779,0.7759999999999999,0.706
62,5.757999999999999,1.2009999999999998,0.828
63,5.742999999999999,0.855,0.777
64,5.718,1.263,1.042
65,5.697,0.96,0.8540000000000001
66,5.693,1.2209999999999999,0.9990000000000001
67,5.653,0.677,0.535
68,5.648,1.183,0.726
69,5.631,0.807,0.657
70,5.603,1.004,0.8540000000000001
71,5.529,0.685,0.7390000000000001
72,5.525,1.044,0.6729999999999999
73,5.523,1.051,0.871
74,5.4670000000000005,0.493,0.718
75,5.432,1.155,0.914
76,5.43,1.4380000000000002,1.122
77,5.425,1.015,0.779
78,5.386,0.945,0.845
79,5.372999999999999,1.183,0.8079999999999999
80,5.3389999999999995,1.2209999999999999,0.828
81,5.3229999999999995,1.067,0.789
82,5.287000000000001,1.181,0.9990000000000001
83,5.285,0.948,0.667
84,5.274,0.983,0.838
85,5.265,0.696,0.245
86,5.261,0.551,0.723
87,5.247000000000001,1.052,0.657
88,5.211,1.002,0.785
89,5.207999999999999,0.8009999999999999,0.782
90,5.207999999999999,1.043,0.769
91,5.197,0.987,0.815
92,5.192,0.9309999999999999,0.66
93,5.191,1.0290000000000001,0.893
94,5.175,0.741,0.851
95,5.082,0.813,0.604
96,5.044,0.5489999999999999,0.331
97,5.011,1.092,0.815
98,4.996,0.611,0.486
99,4.944,0.569,0.23199999999999998
100,4.913,0.446,0.677
101,4.906000000000001,0.8370000000000001,0.815
102,4.883,0.39299999999999996,0.397
103,4.812,0.6729999999999999,0.508
104,4.7989999999999995,1.057,0.5710000000000001
105,4.796,0.764,0.551
106,4.7219999999999995,0.96,0.469
107,4.718999999999999,0.9470000000000001,0.8740000000000001
108,4.707,0.96,0.805
109,4.7,0.574,0.637
110,4.696000000000001,0.657,0.672
111,4.681,0.45,0.5710000000000001
112,4.668,0.0,0.268
113,4.638999999999999,0.879,0.47700000000000004
114,4.628,0.138,0.366
115,4.587,0.331,0.38
116,4.559,0.85,0.815
117,4.548,1.1,0.785
118,4.534,0.38,0.375
119,4.519,0.8859999999999999,0.752
120,4.516,0.308,0.428
121,4.5089999999999995,0.512,0.581
122,4.49,0.57,0.489
123,4.466,0.204,0.39
124,4.461,0.9209999999999999,0.815
125,4.456,0.562,0.723
126,4.437,1.043,0.574
127,4.418,0.094,0.35700000000000004
128,4.39,0.385,0.308
129,4.374,0.268,0.242
130,4.3660000000000005,0.9490000000000001,0.831
131,4.36,0.71,0.555
132,4.35,0.35,0.192
133,4.332,0.82,0.7390000000000001
134,4.2860000000000005,0.336,0.532
135,4.212,0.8109999999999999,0.0
136,4.189,0.332,0.44299999999999995
137,4.166,0.9129999999999999,0.644
138,4.107,0.578,0.426
139,4.085,0.275,0.41
140,4.015,0.755,0.588
141,3.975,0.073,0.44299999999999995
142,3.9730000000000003,0.27399999999999997,0.505
143,3.9330000000000003,0.27399999999999997,0.555
144,3.802,0.489,0.168
145,3.775,0.046,0.38
146,3.6630000000000003,0.366,0.433
147,3.597,0.32299999999999995,0.449
148,3.488,1.041,0.5379999999999999
149,3.4619999999999997,0.619,0.44
150,3.41,0.191,0.495
151,3.38,0.287,0.46299999999999997
152,3.3339999999999996,0.359,0.614
153,3.2310000000000003,0.47600000000000003,0.499
154,3.2030000000000003,0.35,0.361
155,3.083,0.026000000000000002,0.105
156,2.853,0.306,0.295
